11100110111011010
00001111110110101
00000010100010111
11110111001011110
11101100000101110
11101001100010111
11111010100111101
00010101101101010

11011111110101001
11111100011001010
11111000000000110
11110100111000100
00001101011010011
00100001001001100
00010000011111010
11101111111000010

00001000110101001
11101010111011110
00000110011111000
00000001011001110
11111110001000001
11101110010100000
00011000101010010
00000011101001000

00100101011101111
11110111011111001
00001110100111110
11111101100000111
00111110010000111
00110100010110101
11101110010111000
00001100000100111

00100001110000100
11101110010110000
11100010110101011
00011110000111000
11010111001010110
11101010011100100
00011000101110011
11111110101010100

11110011100100001
00011001111001111
11100100101010111
00100001111011010
00001110001000101
00100101101001111
00001100011011011
00111000000100000

00000000110000100
11111010010001100
11100101101010011
11101110001010111
11111101001000110
11111111001111100
00100100100101011
11010110110010001

11111010111111001
00010001000101100
11111101001111010
11110111000100110
00001000000011101
11111110110110100
11101111101010100
00011001000101110

11011101000010011
00000111011010110
11010010000000010
00001100000010111
00000111111001001
11001111001011100
00010111100000110
11111100111111011

11111110101110101
00000010001100110
11110101000101011
00010100101011010
11111110111110011
00001001011100100
00100001101101101
11110100100000100

