11111101000001111
00000100001111101
11101110110010100
00001011011111010
11010110001010001
00010011111101011
00000111011011000
00000110010100010

11101100010001001
00000101110001011
00001110100011010
00100000001011011
11101100110100101
11101011111110001
11100001000001100
11111110100011101

11110111001101101
11110101101000010
11110000011101100
11101100000101010
11111110011111011
11111001110010010
00001110100011100
00000101011101010

11111110010111110
11001111111100001
11111101101010011
11101000100100000
11110000101110100
11111001100110101
00001001011100111
00000111101011110

11011011000001111
11100010110110011
00000000111000100
11011100001010111
11111101110010111
00011111111110101
11110101010110010
11111000001110101

00011101110100011
00001110011000101
11101111101010011
11111001010000100
11011111111110111
11100100000011001
00000011111001011
00000011001010110

00000010000000110
00000011111111100
11110000110101111
11100010011010000
11110110110101010
00000100010111110
00000101111100001
00011001011111110

00001110101000100
11010111011000000
00001001011011101
11111011101000101
00000001110100010
00001010100110000
00000000100010101
00001110111011011

11110100001101101
11101010001101100
00000101111011110
11011100100101110
00010101110000001
11100100101000000
00000101100011000
11110110101011010

00000110001001011
11101100001101110
00000000110111111
00100011100001111
11101111000101101
00000010111111000
11001010000100101
11111101011010111

