1111110011011010
0000100101100010
1111001001011111
0000110011001110
1110011111011001
0000111000000100
1111110000011110
0000001010101011

1111011001001001
1111001010111111
0000100010010011
0000000111000000
1110111000001100
0000000010111101
1110110000101111
0000101000110110

1111010101101011
1111110001100101
1111001010111001
1111110111111011
0000010011110001
1111011011100001
0000100010011111
0000011101111000

1110110000000000
1111110001000111
0000001010001111
1110111111100000
0000111100011011
0001101010101101
1111000101101111
0000011011010001

1110100110010010
1110101000111101
1110011110100111
0001000011100000
1111110111110101
1110100101101111
0000100110100101
1111100010110000

1111100000001110
0000100011000100
1111101111110100
0000101000101100
0000000010100000
0000001001000110
0000100100101011
0010100010100000

1111110011111001
1111111111111110
0000110110101000
0000110000011100
1111101011010111
1110011000100011
1111001101100000
0001100011110001

0000000110111101
1111111000101010
0000000110010000
0000001010101010
0000101101111001
0000111100001000
0000000110101101
1111110011110101

1110110111100011
1111100001110001
1111001100000011
0000111111111111
0001110011010110
1101010000001001
0000110000111011
0000000111111101

1111010000010101
1111010001000000
0000101100110000
0010000000010111
1110110000000010
0000000011110111
0000100111110101
0000000111000001

