1111010110011110
0001001011100110
1111001111011101
1110111000111111
1111001001111001
1111011011010110
1111011100010000
0000001011011011

1111111000000011
1101011101010110
0000010001101111
1111110011011101
1111110011011100
1111101100011100
1110110111110000
0000001100011100

0000000100011001
0000111100111000
1111101001111100
0000000010010011
0001000111110100
0000010100101110
1111100101101100
1111010110111011

0010010110001001
0000000101101110
0010001101011101
0000101111101000
0000101011010010
1111100000010001
0001000000000011
1110000111001101

1111101010000011
0001101010101001
1111001110111100
0010101000101011
1111111110111011
0000010011011110
0000101011110011
0000000011100101

0010001100010110
1111101010000101
0000011010100110
1110110010111011
1101011001010000
0000001001010000
0000000110100111
1111101111011110

1111000110100111
0000101011111001
1111100111001100
0000101001110011
0001001001101011
0000000101100011
0000000000000111
1110110011010000

0000010000000011
0001000000110110
0000111110101111
0000001000101111
1111001111110110
1110010011001111
1111101101100011
1111101110111010

1110101110000101
0000000000011000
1111111111110110
1111000110111010
1111101110110100
1110101001001001
1111110110111111
1111100100001010

0000101001010101
1110100010001111
0000011000101010
0001000111100101
1111111111101011
1111101111101011
1110110101001010
0000100101100010

